0000000000000000000000000000000000000000000000000
0111111111110000000111111111111111111111111111110
0111111111110005000111111111111111111111111111110
0000001111111111111111111111111111111111111111110
0000041111111111111111111111111111111111111111112
0000041111111111111111111111111111111111111111112
0000001111111111111111111111111111111111111111110
0111111111111111111111111111111111111111111111110
0111111111111111111111111111111111111111111111110
0111111111110033001111111111111111111111111111110
0111111111110000001111111111111111111111111111110
0000000000000000000000000000000000000000000000000