0000000000000000000000000000000000000000000000000
0111111111111111001111111111111111111111111111100
0111111111111111001111111111111111111111111111100
0111111111111111001111111111111111111111111111100
0111111111111111001111111111111111111111111111100
2111111111111111001111111111111111111111111111100
2111111111111111001111111111111111111111111111100
0111111111111111001111111111111111111111111111100
0111111111111111001111111111111111111111111111100
0111111111111111001111111111111111111111111111100
0111111111111111001111111111111111111111111111100
0000000000000000000000000000000000000000000000000
